0.9
98.0
0.9
146.83 196.00 246.94 329.63
0.9
123.47
0.9
185.00 311.13 369.99
0.9
82.41
0.9
123.47 164.81 196.00 246.94
0.9
130.81
0.9
164.81 196.00 261.63 329.63
0.9
98.0
0.9
146.83 196.00 246.94 329.63
0.9
123.47
0.9
185.00 311.13 369.99
0.9
82.41
0.9
123.47 164.81 196.00 246.94
0.9
130.81
0.9
164.81 196.00 261.63 329.63
0.9
98.0
0.9
146.83 196.00 246.94
0.9
123.47
0.9
185.00 311.13 369.99
0.9
82.41
0.9
123.47 164.81 196.00 246.94
0.9
130.81
0.9
164.81 196.00 261.63 329.63
0.9
98.0
0.9
146.83 196.00 246.94 329.63
0.9
123.47
0.9
185.00 311.13 369.99
0.9
82.41
0.9
123.47 164.81 196.00 246.94
0.9
130.81
0.9
164.81 196.00 261.63 329.63
0.9
98.00
0.9
146.83 196.00 246.94 392.00
0.9
98.00
0.9
146.83 196.00 246.94 392.00
0.9
146.83
0.9
220.00 293.66 369.99
0.9
146.83
0.9
220.00 293.66 369.99
0.9
98.0
0.9
146.83 196.00 246.94 329.63
0.9
123.47
0.9
185.00 311.13 369.99
0.9
82.41
0.9
123.47 164.81 196.00 246.94
0.9
130.81
0.9
164.81 196.00 261.63 329.63